1,
3,
7,
10,
11,
14,
16,
18,
21,
23,
24,
25,
28,
29,
30,
31,
32,
33,
35,
46,
48,
49,
50,
51,
52,
55,
60,
61,
64,
65,
66,
67,
72,
74,
76,
77,
78,
79,
80,
81,
82,
83,
85,
88,
95,
100,
103,
105,
106,
107,
108,
111,
114,
120,
122,
123,
124,
125,
128,
131,
133,
134,
135,
137,
138,
140,
147,
148,
149,
150,
152,
153,
155,
157,
162,
163,
165,
166,
167,
168,
172,
175,
178,
179,
180,
181,
182,
183,
188,
189,
194,
203,
205,
206,
211,
212,
217,
221,
222,
224,
225,
227,
231,
234,
236,
239,
240,
242,
245,
248,
250,
253,
255,
259,
264,
265,
266,
268,
271,
272,
278,
281,
282,
283,
284,
286,
287,
291,
292,
299,
300,
302,
305,
306,
307,
309,
314,
316,
317,
320,
324,
325,
326,
327,
329,
330,
334,
336,
338,
340,
341,
342,
344,
347,
348,
350,
352,
356,
358,
366,
367,
368,
369,
373,
377,
378,
379,
381,
382,
383,
387,
388,
389,
392,
394,
398,
402,
404,
410,
412,
413,
418,
419,
420,
422,
424,
426,
432,
433,
434,
436,
437,
446,
448,
450,
451,
452,
453,
455,
456,
457,
462,
463,
465,
466,
468,
475,
476,
477,
481,
483,
485,
486,
490,
491,
492,
493,
494,
496,
498,
500,
501,
502,
505,
507,
508,
509,
511,
512,
513,
514,
516,
517,
518,
519,
521,
524,
526,
527,
528,
536,
537,
538,
540,
541,
543,
547,
548,
557,
560,
562,
563,
564,
565,
566,
568,
569,
570,
571,
572,
574,
575,
576,
579,
583,
587,
589,
597,
598,
601,
604,
605,
607,
608,
610,
613,
616,
617,
620,
621,
624,
625,
627,
628,
630,
632,
633,
635,
637,
639,
641,
642,
645,
646,
647,
648,
650,
652,
653,
654,
656,
658,
659,
660,
661,
663,
672,
676,
677,
679,
680,
685,
686,
689,
692,
695,
699,
700,
702,
704,
705,
706,
708,
709,
714,
715,
716,
722,
611,
643,
556,
546,
365,
561,
400,
246,
243,
110,
27,
675,*,522,
720,*,318,
662,
247,
529,
